1
2 1 1 1
1
49

7 7

    0.0000     0.0002     0.0011     0.0018     0.0011     0.0002     0.0000
    0.0002     0.0029     0.0131     0.0216     0.0131     0.0029     0.0002
    0.0011     0.0131     0.0586     0.0966     0.0586     0.0131     0.0011
    0.0018     0.0216     0.0966     0.1592     0.0966     0.0216     0.0018
    0.0011     0.0131     0.0586     0.0966     0.0586     0.0131     0.0011
    0.0002     0.0029     0.0131     0.0216     0.0131     0.0029     0.0002
    0.0000     0.0002     0.0011     0.0018     0.0011     0.0002     0.0000
